172
4 441 423 420 369
4 333 286 252 197
4 196 190 97 93
4 35 28 482 326
4 300 165 47 33
4 12 454 421 330
4 322 315 306 299
4 279 256 21 14
4 1 492 414 358
4 352 334 212 189
4 154 86 17 7
4 495 484 462 443
4 410 337 319 301
4 266 213 182 170
4 158 156 141 120
4 73 72 64 11
4 486 475 463 452
4 451 448 434 376
4 371 350 329 310
4 298 264 261 234
4 221 210 166 155
4 113 111 108 52
4 48 38 0 499
4 498 473 455 445
4 439 433 430 419
4 409 405 396 387
4 385 367 360 356
4 324 320 311 292
4 255 253 250 248
4 246 243 241 239
4 238 232 229 228
4 227 224 223 222
4 220 216 215 211
4 209 206 205 202
4 194 191 184 183
4 179 178 176 173
4 171 169 168 167
4 161 157 150 146
4 145 143 142 140
4 137 135 134 133
4 131 130 127 126
4 125 122 118 110
4 103 102 98 96
4 94 88 87 85
4 84 83 82 77
4 75 74 68 67
4 63 62 58 57
4 53 51 49 43
4 42 39 37 30
3 288 277 273
3 271 258 249
3 240 236 231
3 219 208 199
3 193 187 181
3 175 147 61
3 60 34 20
3 19 15 5
3 497 474 472
3 467 459 449
3 447 444 442
3 438 437 431
3 429 427 424
3 422 412 407
3 403 400 399
3 397 394 392
3 391 388 384
3 375 364 362
3 353 351 348
3 345 336 328
3 302 294 283
3 278 276 268
3 263 242 235
3 230 225 218
3 214 203 201
3 192 188 180
3 177 163 162
3 159 149 139
3 123 121 117
3 105 99 91
3 90 89 71
3 65 55 31
3 24 23 18
3 13 10 8
3 6 3 494
3 490 468 461
3 460 453 450
3 446 432 425
3 411 401 395
3 390 379 378
3 377 373 372
3 365 363 361
3 359 347 341
3 339 332 325
3 307 304 295
3 289 285 284
3 282 280 274
3 269 267 259
3 254 251 247
3 245 244 237
3 233 226 217
3 207 204 200
3 198 195 186
3 185 174 172
3 164 160 153
3 152 151 148
3 144 138 136
3 9 4 2
2 132 129
2 128 124
2 119 116
2 115 114
2 112 109
2 107 106
2 104 101
2 100 95
2 92 81
2 80 79
2 78 76
2 70 69
2 66 59
2 56 54
2 50 46
2 45 44
2 41 40
2 36 32
2 29 27
2 26 25
2 22 16
2 496 493
2 491 489
2 488 487
2 485 483
2 481 480
2 479 478
2 477 476
2 471 470
2 469 466
2 465 464
2 458 457
2 456 440
2 436 435
2 428 426
2 418 417
2 416 415
2 413 408
2 406 404
2 402 398
2 393 389
2 386 383
2 382 381
2 380 374
2 370 368
2 366 357
2 355 354
2 349 346
2 344 343
2 342 340
2 338 335
2 331 327
2 323 321
2 318 317
2 316 314
2 313 312
2 309 308
2 305 303
2 297 296
2 293 291
2 290 287
2 281 275
2 272 270
2 265 262
2 260 257
